SIMPLE  = T
BITPIX  = -64
NAXIS   = 2
NAXIS1  = 1800
NAXIS2  = 1800
CTYPE1  = 'RA---TAN'
CTYPE2  = 'DEC--TAN'
CRVAL1  = 56.700000
CRVAL2  = 24.000000
CRPIX1  = 900.500000
CRPIX2  = 900.500000
CDELT1  = -0.000277778
CDELT2  = 0.000277778
CROTA2  = 0.000000
EQUINOX = 2000
END
