SIMPLE  = T
BITPIX  = -64
NAXIS   = 2
NAXIS1  = 6600
NAXIS2  = 6600
CTYPE1  = 'RA---TAN'
CTYPE2  = 'DEC--TAN'
CRVAL1  = 56.700000
CRVAL2  = 24.000000
CRPIX1  = 3300.500000
CRPIX2  = 3300.500000
CDELT1  = -0.000277778
CDELT2  = 0.000277778
CROTA2  = 0.000000
EQUINOX = 2000
END
